pPREY1KWT1  81
0 0 0 0.3 0.04 0.05 0.01 0.3 0.3 0 0 0 0 0 0 0 0 0 0 0 0 0 0 0 0 0 0 0 0 0 0 0 0 0 0 0 0 0 0 0 0 0 0 0 0 0 0 0 0 0 0 0 0 0 0 0 0 0 0 0 0 0 0 0 0 0 0 0 0 0 0 0 0 0 0 0 0 0 0 0 0
pPREY1KWT2  81
0 0 0 0.3 0.04 0.05 0.01 0.3 0.3 0 0 0 0 0 0 0 0 0 0 0 0 0 0 0 0 0 0 0 0 0 0 0 0 0 0 0 0 0 0 0 0 0 0 0 0 0 0 0 0 0 0 0 0 0 0 0 0 0 0 0 0 0 0 0 0 0 0 0 0 0 0 0 0 0 0 0 0 0 0 0 0
pPREY2KWT1  81
0 0 0 0.3 0.04 0.05 0.01 0.3 0.3 0 0 0 0 0 0 0 0 0 0 0 0 0 0 0 0 0 0 0 0 0 0 0 0 0 0 0 0 0 0 0 0 0 0 0 0 0 0 0 0 0 0 0 0 0 0 0 0 0 0 0 0 0 0 0 0 0 0 0 0 0 0 0 0 0 0 0 0 0 0 0 0
pPREY2KWT2  81
0 0 0 0.3 0.04 0.05 0.01 0.3 0.3 0 0 0 0 0 0 0 0 0 0 0 0 0 0 0 0 0 0 0 0 0 0 0 0 0 0 0 0 0 0 0 0 0 0 0 0 0 0 0 0 0 0 0 0 0 0 0 0 0 0 0 0 0 0 0 0 0 0 0 0 0 0 0 0 0 0 0 0 0 0 0 0
pPREY1WHT1  81
0 0 0 0 0 0 0 0 0 0 0 0 0 0 0 0.076 0 0.0095 0 0 0 0 0 0 0 0.0475 0.0475 0.0475 0.1425 0.0475 0.1425 0 0 0.0095 0 0.0975 0 0 0.3325 0 0 0 0 0 0 0 0 0 0 0 0 0 0 0 0 0 0 0 0 0 0 0 0 0 0 0 0 0 0 0 0 0 0 0 0 0 0 0 0 0 0
pPREY1WHT2  81
0 0 0 0 0 0 0 0 0 0 0 0 0 0 0 0.076 0 0.0095 0 0 0 0 0 0 0 0.0475 0.0475 0.0475 0.1425 0.0475 0.1425 0 0 0.0095 0 0.0975 0 0 0.3325 0 0 0 0 0 0 0 0 0 0 0 0 0 0 0 0 0 0 0 0 0 0 0 0 0 0 0 0 0 0 0 0 0 0 0 0 0 0 0 0 0 0
pPREY2WHT1  81
0 0 0 0 0 0 0 0 0 0 0 0 0 0 0 0.076 0 0.0095 0 0 0 0 0 0 0 0.0475 0.0475 0.0475 0.1425 0.0475 0.1425 0 0 0.0095 0 0.0975 0 0 0.3325 0 0 0 0 0 0 0 0 0 0 0 0 0 0 0 0 0 0 0 0 0 0 0 0 0 0 0 0 0 0 0 0 0 0 0 0 0 0 0 0 0 0
pPREY2WHT2  81
0 0 0 0 0 0 0 0 0 0 0 0 0 0 0 0.076 0 0.0095 0 0 0 0 0 0 0 0.0475 0.0475 0.0475 0.1425 0.0475 0.1425 0 0 0.0095 0 0.0975 0 0 0.3325 0 0 0 0 0 0 0 0 0 0 0 0 0 0 0 0 0 0 0 0 0 0 0 0 0 0 0 0 0 0 0 0 0 0 0 0 0 0 0 0 0 0
pPREY1KWR1  81
0 0 0 0 0 0 0 0 0 0 0 0 0 0.07 0 0.02 0 0 0 0.09 0.095 0 0 0 0 0 0 0 0.18 0 0 0 0 0 0 0 0 0 0 0.185 0.18 0.18 0 0 0 0 0 0 0 0 0 0 0 0 0 0 0 0 0 0 0 0 0 0 0 0 0 0 0 0 0 0 0 0 0 0 0 0 0 0 0
pPREY1KWR2  81
0 0 0 0 0 0 0 0 0 0 0 0 0 0.07 0 0.02 0 0 0 0.09 0.095 0 0 0 0 0 0 0 0.18 0 0 0 0 0 0 0 0 0 0 0.185 0.18 0.18 0 0 0 0 0 0 0 0 0 0 0 0 0 0 0 0 0 0 0 0 0 0 0 0 0 0 0 0 0 0 0 0 0 0 0 0 0 0 0
pPREY2KWR1  81
0 0 0 0 0 0 0 0 0 0 0 0 0 0.07 0 0.02 0 0 0 0.09 0.095 0 0 0 0 0 0 0 0.18 0 0 0 0 0 0 0 0 0 0 0.185 0.18 0.18 0 0 0 0 0 0 0 0 0 0 0 0 0 0 0 0 0 0 0 0 0 0 0 0 0 0 0 0 0 0 0 0 0 0 0 0 0 0 0
pPREY2KWR2  81
0 0 0 0 0 0 0 0 0 0 0 0 0 0.07 0 0.02 0 0 0 0.09 0.095 0 0 0 0 0 0 0 0.18 0 0 0 0 0 0 0 0 0 0 0.185 0.18 0.18 0 0 0 0 0 0 0 0 0 0 0 0 0 0 0 0 0 0 0 0 0 0 0 0 0 0 0 0 0 0 0 0 0 0 0 0 0 0 0
pPREY1DOL1  81
0 0 0 0 0 0 0 0 0 0 0 0 0 0 0 0 0.0685 0.035 0.0685 0 0 0 0 0.026 0 0 0 0 0.0315 0 0.0315 0.048 0 0 0 0 0.0555 0 0.224 0.007 0.007 0.007 0.007 0.007 0.05 0.0575 0.0335 0.167 0.0335 0 0 0 0 0.035 0 0 0 0 0 0 0 0 0 0 0 0 0 0 0 0 0 0 0 0 0 0 0 0 0 0 0
pPREY1DOL2  81
0 0 0 0 0 0 0 0 0 0 0 0 0 0 0 0 0.0685 0.035 0.0685 0 0 0 0 0.026 0 0 0 0 0.0315 0 0.0315 0.048 0 0 0 0 0.0555 0 0.224 0.007 0.007 0.007 0.007 0.007 0.05 0.0575 0.0335 0.167 0.0335 0 0 0 0 0.035 0 0 0 0 0 0 0 0 0 0 0 0 0 0 0 0 0 0 0 0 0 0 0 0 0 0 0
pPREY2DOL1  81
0 0 0 0 0 0 0 0 0 0 0 0 0 0 0 0 0.0685 0.035 0.0685 0 0 0 0 0.026 0 0 0 0 0.0315 0 0.0315 0.048 0 0 0 0 0.0555 0 0.224 0.007 0.007 0.007 0.007 0.007 0.05 0.0575 0.0335 0.167 0.0335 0 0 0 0 0.035 0 0 0 0 0 0 0 0 0 0 0 0 0 0 0 0 0 0 0 0 0 0 0 0 0 0 0
pPREY2DOL2  81
0 0 0 0 0 0 0 0 0 0 0 0 0 0 0 0 0.0685 0.035 0.0685 0 0 0 0 0.026 0 0 0 0 0.0315 0 0.0315 0.048 0 0 0 0 0.0555 0 0.224 0.007 0.007 0.007 0.007 0.007 0.05 0.0575 0.0335 0.167 0.0335 0 0 0 0 0.035 0 0 0 0 0 0 0 0 0 0 0 0 0 0 0 0 0 0 0 0 0 0 0 0 0 0 0
pPREY1WHG1  81
0 0 0 0 0 0 0 0 0 0 0 0 0 0 0 0 0 0 0 0 0 0 0 0 0 0 0 0 0 0 0 0 0 0 0 0 0 0 0 0 0 0 0 0 0 0 0 0 0 0 0 0 0 0 0 0 0 0 0 0 0 0 1 0 0 0 0 0 0 0 0 0 0 0 0 0 0 0 0 0 0
pPREY1WHG2  81
0 0 0 0 0 0 0 0 0 0 0 0 0 0 0 0 0 0 0 0 0 0 0 0 0 0 0 0 0 0 0 0 0 0 0 0 0 0 0 0 0 0 0 0 0 0 0 0 0 0 0 0 0 0 0 0 0 0 0 0 0 0 1 0 0 0 0 0 0 0 0 0 0 0 0 0 0 0 0 0 0
pPREY2WHG1  81
0 0 0 0 0 0 0 0 0 0 0 0 0 0 0 0 0 0 0 0 0 0 0 0 0 0 0 0 0 0 0 0 0 0 0 0 0 0 0 0 0 0 0 0 0 0 0 0 0 0 0 0 0 0 0 0 0 0 0 0 0 0 1 0 0 0 0 0 0 0 0 0 0 0 0 0 0 0 0 0 0
pPREY2WHG2  81
0 0 0 0 0 0 0 0 0 0 0 0 0 0 0 0 0 0 0 0 0 0 0 0 0 0 0 0 0 0 0 0 0 0 0 0 0 0 0 0 0 0 0 0 0 0 0 0 0 0 0 0 0 0 0 0 0 0 0 0 0 0 1 0 0 0 0 0 0 0 0 0 0 0 0 0 0 0 0 0 0
pPREY1WHH1  81
0 0 0 0 0 0 0 0 0 0 0 0 0 0 0 0 0.1 0 0.1 0 0 0 0 0 0 0 0 0 0 0 0 0 0 0 0 0 0 0 0 0 0 0 0 0 0 0.1 0.1 0 0.1 0 0 0 0 0 0 0 0 0 0 0 0 0 0 0 0.4 0 0.1 0 0 0 0 0 0 0 0 0 0 0 0 0 0
pPREY1WHH2  81
0 0 0 0 0 0 0 0 0 0 0 0 0 0 0 0 0.1 0 0.1 0 0 0 0 0 0 0 0 0 0 0 0 0 0 0 0 0 0 0 0 0 0 0 0 0 0 0.1 0.1 0 0.1 0 0 0 0 0 0 0 0 0 0 0 0 0 0 0 0.4 0 0.1 0 0 0 0 0 0 0 0 0 0 0 0 0 0
pPREY2WHH1  81
0 0 0 0 0 0 0 0 0 0 0 0 0 0 0 0 0.1 0 0.1 0 0 0 0 0 0 0 0 0 0 0 0 0 0 0 0 0 0 0 0 0 0 0 0 0 0 0.1 0.1 0 0.1 0 0 0 0 0 0 0 0 0 0 0 0 0 0 0 0.4 0 0.1 0 0 0 0 0 0 0 0 0 0 0 0 0 0
pPREY2WHH2  81
0 0 0 0 0 0 0 0 0 0 0 0 0 0 0 0 0.1 0 0.1 0 0 0 0 0 0 0 0 0 0 0 0 0 0 0 0 0 0 0 0 0 0 0 0 0 0 0.1 0.1 0 0.1 0 0 0 0 0 0 0 0 0 0 0 0 0 0 0 0.4 0 0.1 0 0 0 0 0 0 0 0 0 0 0 0 0 0
pPREY1WHB1  81
0 0 0 0 0 0 0 0 0 0 0 0 0 0 0 0 0.070275 0 0.070275 0 0 0 0 0 0 0 0 0 0 0 0 0 0 0 0 0 0 0 5e-04 0 0 0 0 0 0 0.070275 0.070275 0 0.0689 0 0 0 0 0 0 0 0 0 0 0 0 0 0 0 0.32375 0.000125 0.3255 0 0 0 0.000125 0 0 0 0 0 0 0 0 0 0
pPREY1WHB2  81
0 0 0 0 0 0 0 0 0 0 0 0 0 0 0 0 0.070275 0 0.070275 0 0 0 0 0 0 0 0 0 0 0 0 0 0 0 0 0 0 0 5e-04 0 0 0 0 0 0 0.070275 0.070275 0 0.0689 0 0 0 0 0 0 0 0 0 0 0 0 0 0 0 0.32375 0.000125 0.3255 0 0 0 0.000125 0 0 0 0 0 0 0 0 0 0
pPREY2WHB1  81
0 0 0 0 0 0 0 0 0 0 0 0 0 0 0 0 0.070275 0 0.070275 0 0 0 0 0 0 0 0 0 0 0 0 0 0 0 0 0 0 0 5e-04 0 0 0 0 0 0 0.070275 0.070275 0 0.0689 0 0 0 0 0 0 0 0 0 0 0 0 0 0 0 0.32375 0.000125 0.3255 0 0 0 0.000125 0 0 0 0 0 0 0 0 0 0
pPREY2WHB2  81
0 0 0 0 0 0 0 0 0 0 0 0 0 0 0 0 0.070275 0 0.070275 0 0 0 0 0 0 0 0 0 0 0 0 0 0 0 0 0 0 0 5e-04 0 0 0 0 0 0 0.070275 0.070275 0 0.0689 0 0 0 0 0 0 0 0 0 0 0 0 0 0 0 0.32375 0.000125 0.3255 0 0 0 0.000125 0 0 0 0 0 0 0 0 0 0
pPREY1SSL1  81
0 0 0 0 0 0 0 0 0 0 0 0 0 0 0 0 0.3825 0.125 0.075 0.075 0.0025 0.0025 0.0025 0.025 0.0025 0 0 0 0 0 0 0.025 0 0 0.075 0 0.05 0.01 0.01 0.01 0.01 0.01 0.01 0.01 0.0025 0.0025 0.07 0.01 0.0025 0 0 0 0 0 0 0 0 0 0 0 0 0 0 0 0 0 0 0 0 0 0 0 0 0 0 0 0 0 0 0 0
pPREY1SSL2  81
0 0 0 0 0 0 0 0 0 0 0 0 0 0 0 0 0.3825 0.125 0.075 0.075 0.0025 0.0025 0.0025 0.025 0.0025 0 0 0 0 0 0 0.025 0 0 0.075 0 0.05 0.01 0.01 0.01 0.01 0.01 0.01 0.01 0.0025 0.0025 0.07 0.01 0.0025 0 0 0 0 0 0 0 0 0 0 0 0 0 0 0 0 0 0 0 0 0 0 0 0 0 0 0 0 0 0 0 0
pPREY2SSL1  81
0 0 0 0 0 0 0 0 0 0 0 0 0 0 0 0 0.3825 0.125 0.075 0.075 0.0025 0.0025 0.0025 0.025 0.0025 0 0 0 0 0 0 0.025 0 0 0.075 0 0.05 0.01 0.01 0.01 0.01 0.01 0.01 0.01 0.0025 0.0025 0.07 0.01 0.0025 0 0 0 0 0 0 0 0 0 0 0 0 0 0 0 0 0 0 0 0 0 0 0 0 0 0 0 0 0 0 0 0
pPREY2SSL2  81
0 0 0 0 0 0 0 0 0 0 0 0 0 0 0 0 0.3825 0.125 0.075 0.075 0.0025 0.0025 0.0025 0.025 0.0025 0 0 0 0 0 0 0.025 0 0 0.075 0 0.05 0.01 0.01 0.01 0.01 0.01 0.01 0.01 0.0025 0.0025 0.07 0.01 0.0025 0 0 0 0 0 0 0 0 0 0 0 0 0 0 0 0 0 0 0 0 0 0 0 0 0 0 0 0 0 0 0 0
pPREY1PIN1  81
0 0 0 0 0 0 0 0 0 0 0 0 0 0 0 0.001 0.147 0.0205 0.0995 6e-04 0.0102 0.0102 0.0102 0.097 5e-04 5e-04 5e-04 5e-04 0.0021 0.001 0.0011 0.0098 0.0495 0 0.05095 0.002 0.099 0.097 0.0105 0.00971 0.00971 0.00971 0.00971 0.00971 0.0107 0.0995 0.0515 6e-04 0.0486 0 0 0 0.0097 0.0097 0 0 0 0 0 0 0 0 0 0 0 0 0 0 0 0 0 0 0 0 0 0 0 0 0 0 0
pPREY1PIN2  81
0 0 0 0 0 0 0 0 0 0 0 0 0 0 0 0.001 0.147 0.0205 0.0995 6e-04 0.0102 0.0102 0.0102 0.097 5e-04 5e-04 5e-04 5e-04 0.0021 0.001 0.0011 0.0098 0.0495 0 0.05095 0.002 0.099 0.097 0.0105 0.00971 0.00971 0.00971 0.00971 0.00971 0.0107 0.0995 0.0515 6e-04 0.0486 0 0 0 0.0097 0.0097 0 0 0 0 0 0 0 0 0 0 0 0 0 0 0 0 0 0 0 0 0 0 0 0 0 0 0
pPREY2PIN1  81
0 0 0 0 0 0 0 0 0 0 0 0 0 0 0 0.001 0.147 0.0205 0.0995 6e-04 0.0102 0.0102 0.0102 0.097 5e-04 5e-04 5e-04 5e-04 0.0021 0.001 0.0011 0.0098 0.0495 0 0.05095 0.002 0.099 0.097 0.0105 0.00971 0.00971 0.00971 0.00971 0.00971 0.0107 0.0995 0.0515 6e-04 0.0486 0 0 0 0.0097 0.0097 0 0 0 0 0 0 0 0 0 0 0 0 0 0 0 0 0 0 0 0 0 0 0 0 0 0 0
pPREY2PIN2  81
0 0 0 0 0 0 0 0 0 0 0 0 0 0 0 0.001 0.147 0.0205 0.0995 6e-04 0.0102 0.0102 0.0102 0.097 5e-04 5e-04 5e-04 5e-04 0.0021 0.001 0.0011 0.0098 0.0495 0 0.05095 0.002 0.099 0.097 0.0105 0.00971 0.00971 0.00971 0.00971 0.00971 0.0107 0.0995 0.0515 6e-04 0.0486 0 0 0 0.0097 0.0097 0 0 0 0 0 0 0 0 0 0 0 0 0 0 0 0 0 0 0 0 0 0 0 0 0 0 0
pPREY1BDF1  81
0 0 0 0 0 0 0 0 0 0 0 0 0 0 0 0 0.0535858585858586 0.00808080808080808 0.124343434343434 0 0 0 0 0.00363636363636364 0 0 0 0 0 0 0 0.000404040404040404 0 0 0.0111111111111111 0 0.0095959595959596 0.00808080808080808 0.151515151515152 0.00797979797979798 0.00797979797979798 0.00797979797979798 0.00797979797979798 0.00797979797979798 0 0.221212121212121 0.164646464646465 0.0358585858585859 0.083030303030303 0 0 0.00378787878787879 0.00363636363636364 0.00363636363636364 0 0 0 0 0 0 0.0103535353535354 0 0.0103535353535354 0 0.0178787878787879 0.0178787878787879 0.00434343434343434 0 0.0131313131313131 0 0 0 0 0 0 0 0 0 0 0 0
pPREY1BDF2  81
0 0 0 0 0 0 0 0 0 0 0 0 0 0 0 0 0.0535858585858586 0.00808080808080808 0.124343434343434 0 0 0 0 0.00363636363636364 0 0 0 0 0 0 0 0.000404040404040404 0 0 0.0111111111111111 0 0.0095959595959596 0.00808080808080808 0.151515151515152 0.00797979797979798 0.00797979797979798 0.00797979797979798 0.00797979797979798 0.00797979797979798 0 0.221212121212121 0.164646464646465 0.0358585858585859 0.083030303030303 0 0 0.00378787878787879 0.00363636363636364 0.00363636363636364 0 0 0 0 0 0 0.0103535353535354 0 0.0103535353535354 0 0.0178787878787879 0.0178787878787879 0.00434343434343434 0 0.0131313131313131 0 0 0 0 0 0 0 0 0 0 0 0
pPREY2BDF1  81
0 0 0 0 0 0 0 0 0 0 0 0 0 0 0 0 0.0535858585858586 0.00808080808080808 0.124343434343434 0 0 0 0 0.00363636363636364 0 0 0 0 0 0 0 0.000404040404040404 0 0 0.0111111111111111 0 0.0095959595959596 0.00808080808080808 0.151515151515152 0.00797979797979798 0.00797979797979798 0.00797979797979798 0.00797979797979798 0.00797979797979798 0 0.221212121212121 0.164646464646465 0.0358585858585859 0.083030303030303 0 0 0.00378787878787879 0.00363636363636364 0.00363636363636364 0 0 0 0 0 0 0.0103535353535354 0 0.0103535353535354 0 0.0178787878787879 0.0178787878787879 0.00434343434343434 0 0.0131313131313131 0 0 0 0 0 0 0 0 0 0 0 0
pPREY2BDF2  81
0 0 0 0 0 0 0 0 0 0 0 0 0 0 0 0 0.0535858585858586 0.00808080808080808 0.124343434343434 0 0 0 0 0.00363636363636364 0 0 0 0 0 0 0 0.000404040404040404 0 0 0.0111111111111111 0 0.0095959595959596 0.00808080808080808 0.151515151515152 0.00797979797979798 0.00797979797979798 0.00797979797979798 0.00797979797979798 0.00797979797979798 0 0.221212121212121 0.164646464646465 0.0358585858585859 0.083030303030303 0 0 0.00378787878787879 0.00363636363636364 0.00363636363636364 0 0 0 0 0 0 0.0103535353535354 0 0.0103535353535354 0 0.0178787878787879 0.0178787878787879 0.00434343434343434 0 0.0131313131313131 0 0 0 0 0 0 0 0 0 0 0 0
pPREY1BDI1  81
0 0 0 0 0 0 0 0 0 0 0 0 0 0 0 0 0.00178217821782178 0 0 0 0 0 0 0.00762376237623762 0 0 0 0 0 0 0 0.00673267326732673 0 0 0 0 0.00178217821782178 0 0 0 0 0 0 0 0.00673267326732673 0 0.00178217821782178 0 0 0.00186138613861386 0 0.00557425742574257 0.00566336633663366 0.00566336633663366 0.00178217821782178 0.00371287128712871 0 0 0 0 0 0 0.0111881188118812 0 0.430693069306931 0.0678217821782178 0.421782178217822 0 0.0178217821782178 0 0 0 0 0 0 0 0 0 0 0 0
pPREY1BDI2  81
0 0 0 0 0 0 0 0 0 0 0 0 0 0 0 0 0.00178217821782178 0 0 0 0 0 0 0.00762376237623762 0 0 0 0 0 0 0 0.00673267326732673 0 0 0 0 0.00178217821782178 0 0 0 0 0 0 0 0.00673267326732673 0 0.00178217821782178 0 0 0.00186138613861386 0 0.00557425742574257 0.00566336633663366 0.00566336633663366 0.00178217821782178 0.00371287128712871 0 0 0 0 0 0 0.0111881188118812 0 0.430693069306931 0.0678217821782178 0.421782178217822 0 0.0178217821782178 0 0 0 0 0 0 0 0 0 0 0 0
pPREY2BDI1  81
0 0 0 0 0 0 0 0 0 0 0 0 0 0 0 0 0.00178217821782178 0 0 0 0 0 0 0.00762376237623762 0 0 0 0 0 0 0 0.00673267326732673 0 0 0 0 0.00178217821782178 0 0 0 0 0 0 0 0.00673267326732673 0 0.00178217821782178 0 0 0.00186138613861386 0 0.00557425742574257 0.00566336633663366 0.00566336633663366 0.00178217821782178 0.00371287128712871 0 0 0 0 0 0 0.0111881188118812 0 0.430693069306931 0.0678217821782178 0.421782178217822 0 0.0178217821782178 0 0 0 0 0 0 0 0 0 0 0 0
pPREY2BDI2  81
0 0 0 0 0 0 0 0 0 0 0 0 0 0 0 0 0.00178217821782178 0 0 0 0 0 0 0.00762376237623762 0 0 0 0 0 0 0 0.00673267326732673 0 0 0 0 0.00178217821782178 0 0 0 0 0 0 0 0.00673267326732673 0 0.00178217821782178 0 0 0.00186138613861386 0 0.00557425742574257 0.00566336633663366 0.00566336633663366 0.00178217821782178 0.00371287128712871 0 0 0 0 0 0 0.0111881188118812 0 0.430693069306931 0.0678217821782178 0.421782178217822 0 0.0178217821782178 0 0 0 0 0 0 0 0 0 0 0 0
pPREY1BSF1  81
0 0 0 0 0 0 0 0 0 0 0 0 0 0 0 0 0.0788546255506608 0 0.069273127753304 0 0.00110132158590308 0 0 0 0 0 0 0 0.0599118942731277 0 0 0 0 0 0 0 0 0 0.0606828193832599 0.00592511013215859 0.00592511013215859 0.00592511013215859 0.00592511013215859 0.00592511013215859 0 0.206277533039648 0.333920704845815 0.060352422907489 0 0 0 0.00066079295154185 0 0 0 0.000440528634361233 0 0 0 0.00066079295154185 0 0 0 0 0.0490088105726872 0.0490088105726872 0 0 0 0 0 0 0 0 0 0.000220264317180617 0 0 0 0 0
pPREY1BSF2  81
0 0 0 0 0 0 0 0 0 0 0 0 0 0 0 0 0.0788546255506608 0 0.069273127753304 0 0.00110132158590308 0 0 0 0 0 0 0 0.0599118942731277 0 0 0 0 0 0 0 0 0 0.0606828193832599 0.00592511013215859 0.00592511013215859 0.00592511013215859 0.00592511013215859 0.00592511013215859 0 0.206277533039648 0.333920704845815 0.060352422907489 0 0 0 0.00066079295154185 0 0 0 0.000440528634361233 0 0 0 0.00066079295154185 0 0 0 0 0.0490088105726872 0.0490088105726872 0 0 0 0 0 0 0 0 0 0.000220264317180617 0 0 0 0 0
pPREY2BSF1  81
0 0 0 0 0 0 0 0 0 0 0 0 0 0 0 0 0.0788546255506608 0 0.069273127753304 0 0.00110132158590308 0 0 0 0 0 0 0 0.0599118942731277 0 0 0 0 0 0 0 0 0 0.0606828193832599 0.00592511013215859 0.00592511013215859 0.00592511013215859 0.00592511013215859 0.00592511013215859 0 0.206277533039648 0.333920704845815 0.060352422907489 0 0 0 0.00066079295154185 0 0 0 0.000440528634361233 0 0 0 0.00066079295154185 0 0 0 0 0.0490088105726872 0.0490088105726872 0 0 0 0 0 0 0 0 0 0.000220264317180617 0 0 0 0 0
pPREY2BSF2  81
0 0 0 0 0 0 0 0 0 0 0 0 0 0 0 0 0.0788546255506608 0 0.069273127753304 0 0.00110132158590308 0 0 0 0 0 0 0 0.0599118942731277 0 0 0 0 0 0 0 0 0 0.0606828193832599 0.00592511013215859 0.00592511013215859 0.00592511013215859 0.00592511013215859 0.00592511013215859 0 0.206277533039648 0.333920704845815 0.060352422907489 0 0 0 0.00066079295154185 0 0 0 0.000440528634361233 0 0 0 0.00066079295154185 0 0 0 0 0.0490088105726872 0.0490088105726872 0 0 0 0 0 0 0 0 0 0.000220264317180617 0 0 0 0 0
pPREY1BSI1  81
0 0 0 0 0 0 0 0 0 0 0 0 0 0 0 0 0.02245 0 0 0 0 0 0 0 0 0 0 0 0 0 0 0 0 0 0.0017 0 0 0 0.02125 0 0 0 0 0 0 0.02245 0.02245 0.0085 0 0 0 0.0037 0.007575 0.005075 0 0.003 0 0 0 0 0.02075 0 0.05475 0 0.3875 0.02425 0.378 0 0.0083 0 0.0083 0 0 0 0 0 0 0 0 0 0
pPREY1BSI2  81
0 0 0 0 0 0 0 0 0 0 0 0 0 0 0 0 0.02245 0 0 0 0 0 0 0 0 0 0 0 0 0 0 0 0 0 0.0017 0 0 0 0.02125 0 0 0 0 0 0 0.02245 0.02245 0.0085 0 0 0 0.0037 0.007575 0.005075 0 0.003 0 0 0 0 0.02075 0 0.05475 0 0.3875 0.02425 0.378 0 0.0083 0 0.0083 0 0 0 0 0 0 0 0 0 0
pPREY2BSI1  81
0 0 0 0 0 0 0 0 0 0 0 0 0 0 0 0 0.02245 0 0 0 0 0 0 0 0 0 0 0 0 0 0 0 0 0 0.0017 0 0 0 0.02125 0 0 0 0 0 0 0.02245 0.02245 0.0085 0 0 0 0.0037 0.007575 0.005075 0 0.003 0 0 0 0 0.02075 0 0.05475 0 0.3875 0.02425 0.378 0 0.0083 0 0.0083 0 0 0 0 0 0 0 0 0 0
pPREY2BSI2  81
0 0 0 0 0 0 0 0 0 0 0 0 0 0 0 0 0.02245 0 0 0 0 0 0 0 0 0 0 0 0 0 0 0 0 0 0.0017 0 0 0 0.02125 0 0 0 0 0 0 0.02245 0.02245 0.0085 0 0 0 0.0037 0.007575 0.005075 0 0.003 0 0 0 0 0.02075 0 0.05475 0 0.3875 0.02425 0.378 0 0.0083 0 0.0083 0 0 0 0 0 0 0 0 0 0
