pPREY1KWT1  81
0 0 0 0.423921347831234 0.00606802943651647 0.0458567087906394 0.00771300306391334 0.345009211745954 0.459948517792052 0 0 0 0 0 0 0 0 0 0 0 0 0 0 0 0 0 0 0 0 0 0 0 0 0 0 0 0 0 0 0 0 0 0 0 0 0 0 0 0 0 0 0 0 0 0 0 0 0 0 0 0 0 0 0 0 0 0 0 0 0 0 0 0 0 0 0 0 0 0 0 0
pPREY1KWT2  81
0 0 0 0.99 0.00243665083126452 0.0447535891675242 0.00338138833621975 0.89532537829629 0.99 0 0 0 0 0 0 0 0 0 0 0 0 0 0 0 0 0 0 0 0 0 0 0 0 0 0 0 0 0 0 0 0 0 0 0 0 0 0 0 0 0 0 0 0 0 0 0 0 0 0 0 0 0 0 0 0 0 0 0 0 0 0 0 0 0 0 0 0 0 0 0 0
pPREY2KWT1  81
0 0 0 0.423921347831234 0.00606802943651647 0.0458567087906394 0.00771300306391334 0.345009211745954 0.459948517792052 0 0 0 0 0 0 0 0 0 0 0 0 0 0 0 0 0 0 0 0 0 0 0 0 0 0 0 0 0 0 0 0 0 0 0 0 0 0 0 0 0 0 0 0 0 0 0 0 0 0 0 0 0 0 0 0 0 0 0 0 0 0 0 0 0 0 0 0 0 0 0 0
pPREY2KWT2  81
0 0 0 0.99 0.00243665083126452 0.0447535891675242 0.00338138833621975 0.89532537829629 0.99 0 0 0 0 0 0 0 0 0 0 0 0 0 0 0 0 0 0 0 0 0 0 0 0 0 0 0 0 0 0 0 0 0 0 0 0 0 0 0 0 0 0 0 0 0 0 0 0 0 0 0 0 0 0 0 0 0 0 0 0 0 0 0 0 0 0 0 0 0 0 0 0
pPREY1WHT1  81
0 0 0 0 0 0 0 0 0 0 0 0 0 0 0 0.99 0 0.0210081523269894 0 0 0 0 0 0 0 0.99 0.99 0.99 0.99 0.99 0.99 0 0 0.516816828281286 0 0.99 0 0 0.115354822190238 0 0 0 0 0 0 0 0 0 0 0 0 0 0 0 0 0 0 0 0 0 0 0 0 0 0 0 0 0 0 0 0 0 0 0 0 0 0 0 0 0 0
pPREY1WHT2  81
0 0 0 0 0 0 0 0 0 0 0 0 0 0 0 0.99 0 0.0209959892426089 0 0 0 0 0 0 0 0.99 0.99 0.99 0.99 0.99 0.99 0 0 0.518244971095999 0 0.99 0 0 0.115355017061844 0 0 0 0 0 0 0 0 0 0 0 0 0 0 0 0 0 0 0 0 0 0 0 0 0 0 0 0 0 0 0 0 0 0 0 0 0 0 0 0 0 0
pPREY2WHT1  81
0 0 0 0 0 0 0 0 0 0 0 0 0 0 0 0.99 0 0.0210081523269894 0 0 0 0 0 0 0 0.99 0.99 0.99 0.99 0.99 0.99 0 0 0.516816828281286 0 0.99 0 0 0.115354822190238 0 0 0 0 0 0 0 0 0 0 0 0 0 0 0 0 0 0 0 0 0 0 0 0 0 0 0 0 0 0 0 0 0 0 0 0 0 0 0 0 0 0
pPREY2WHT2  81
0 0 0 0 0 0 0 0 0 0 0 0 0 0 0 0.99 0 0.0209959892426089 0 0 0 0 0 0 0 0.99 0.99 0.99 0.99 0.99 0.99 0 0 0.518244971095999 0 0.99 0 0 0.115355017061844 0 0 0 0 0 0 0 0 0 0 0 0 0 0 0 0 0 0 0 0 0 0 0 0 0 0 0 0 0 0 0 0 0 0 0 0 0 0 0 0 0 0
pPREY1KWR1  81
0 0 0 0 0 0 0 0 0 0 0 0 0 0.99 0 0.195479663110349 0 0 0 0.0324298744002975 0.0182900186960132 0 0 0 0 0 0 0 0.702791956734045 0 0 0 0 0 0 0 0 0 0 0.99 0.251176744961283 0.459255182590789 0 0 0 0 0 0 0 0 0 0 0 0 0 0 0 0 0 0 0 0 0 0 0 0 0 0 0 0 0 0 0 0 0 0 0 0 0 0 0
pPREY1KWR2  81
0 0 0 0 0 0 0 0 0 0 0 0 0 0.99 0 0.184947982058989 0 0 0 0.0352188459958129 0.0151478048103386 0 0 0 0 0 0 0 0.661701841118269 0 0 0 0 0 0 0 0 0 0 0.99 0.872278001306494 0.431678666623017 0 0 0 0 0 0 0 0 0 0 0 0 0 0 0 0 0 0 0 0 0 0 0 0 0 0 0 0 0 0 0 0 0 0 0 0 0 0 0
pPREY2KWR1  81
0 0 0 0 0 0 0 0 0 0 0 0 0 0.99 0 0.195479663110349 0 0 0 0.0324298744002975 0.0182900186960132 0 0 0 0 0 0 0 0.702791956734045 0 0 0 0 0 0 0 0 0 0 0.99 0.251176744961283 0.459255182590789 0 0 0 0 0 0 0 0 0 0 0 0 0 0 0 0 0 0 0 0 0 0 0 0 0 0 0 0 0 0 0 0 0 0 0 0 0 0 0
pPREY2KWR2  81
0 0 0 0 0 0 0 0 0 0 0 0 0 0.99 0 0.184947982058989 0 0 0 0.0352188459958129 0.0151478048103386 0 0 0 0 0 0 0 0.661701841118269 0 0 0 0 0 0 0 0 0 0 0.99 0.872278001306494 0.431678666623017 0 0 0 0 0 0 0 0 0 0 0 0 0 0 0 0 0 0 0 0 0 0 0 0 0 0 0 0 0 0 0 0 0 0 0 0 0 0 0
pPREY1DOL1  81
0 0 0 0 0 0 0 0 0 0 0 0 0 0 0 0 0.0312212708527171 0.0111565908736962 0.0417870895578214 0 0 0 0 0.0730499315373016 0 0 0 0 0.428480251403869 0 0.111743564482878 0.99 0 0 0 0 0.99 0 0.195579732769545 0.448845916387639 0.0179232708433009 0.0500924666041703 0.99 0.0583836428891007 0.99 0.0117587037525069 0.0268225384052064 0.99 0.407693790630121 0 0 0 0 0.0986660881835882 0 0 0 0 0 0 0 0 0 0 0 0 0 0 0 0 0 0 0 0 0 0 0 0 0 0 0
pPREY1DOL2  81
0 0 0 0 0 0 0 0 0 0 0 0 0 0 0 0 0.0298044448396704 0.0105592069820063 0.0439688133095626 0 0 0 0 0.0543619177993119 0 0 0 0 0.493425749681066 0 0.112930234194616 0.99 0 0 0 0 0.905392636832733 0 0.208780711656237 0.48502095502634 0.0194254011642668 0.0555769293587738 0.99 0.0646040763665387 0.99 0.0114654827724356 0.0263435247946365 0.99 0.465121139611477 0 0 0 0 0.109755968004759 0 0 0 0 0 0 0 0 0 0 0 0 0 0 0 0 0 0 0 0 0 0 0 0 0 0 0
pPREY2DOL1  81
0 0 0 0 0 0 0 0 0 0 0 0 0 0 0 0 0.0312212708527171 0.0111565908736962 0.0417870895578214 0 0 0 0 0.0730499315373016 0 0 0 0 0.428480251403869 0 0.111743564482878 0.99 0 0 0 0 0.99 0 0.195579732769545 0.448845916387639 0.0179232708433009 0.0500924666041703 0.99 0.0583836428891007 0.99 0.0117587037525069 0.0268225384052064 0.99 0.407693790630121 0 0 0 0 0.0986660881835882 0 0 0 0 0 0 0 0 0 0 0 0 0 0 0 0 0 0 0 0 0 0 0 0 0 0 0
pPREY2DOL2  81
0 0 0 0 0 0 0 0 0 0 0 0 0 0 0 0 0.0298044448396704 0.0105592069820063 0.0439688133095626 0 0 0 0 0.0543619177993119 0 0 0 0 0.493425749681066 0 0.112930234194616 0.99 0 0 0 0 0.905392636832733 0 0.208780711656237 0.48502095502634 0.0194254011642668 0.0555769293587738 0.99 0.0646040763665387 0.99 0.0114654827724356 0.0263435247946365 0.99 0.465121139611477 0 0 0 0 0.109755968004759 0 0 0 0 0 0 0 0 0 0 0 0 0 0 0 0 0 0 0 0 0 0 0 0 0 0 0
pPREY1WHG1  81
0 0 0 0 0 0 0 0 0 0 0 0 0 0 0 0 0 0 0 0 0 0 0 0 0 0 0 0 0 0 0 0 0 0 0 0 0 0 0 0 0 0 0 0 0 0 0 0 0 0 0 0 0 0 0 0 0 0 0 0 0 0 1 0 0 0 0 0 0 0 0 0 0 0 0 0 0 0 0 0 0
pPREY1WHG2  81
0 0 0 0 0 0 0 0 0 0 0 0 0 0 0 0 0 0 0 0 0 0 0 0 0 0 0 0 0 0 0 0 0 0 0 0 0 0 0 0 0 0 0 0 0 0 0 0 0 0 0 0 0 0 0 0 0 0 0 0 0 0 1 0 0 0 0 0 0 0 0 0 0 0 0 0 0 0 0 0 0
pPREY2WHG1  81
0 0 0 0 0 0 0 0 0 0 0 0 0 0 0 0 0 0 0 0 0 0 0 0 0 0 0 0 0 0 0 0 0 0 0 0 0 0 0 0 0 0 0 0 0 0 0 0 0 0 0 0 0 0 0 0 0 0 0 0 0 0 1 0 0 0 0 0 0 0 0 0 0 0 0 0 0 0 0 0 0
pPREY2WHG2  81
0 0 0 0 0 0 0 0 0 0 0 0 0 0 0 0 0 0 0 0 0 0 0 0 0 0 0 0 0 0 0 0 0 0 0 0 0 0 0 0 0 0 0 0 0 0 0 0 0 0 0 0 0 0 0 0 0 0 0 0 0 0 1 0 0 0 0 0 0 0 0 0 0 0 0 0 0 0 0 0 0
pPREY1WHH1  81
0 0 0 0 0 0 0 0 0 0 0 0 0 0 0 0 0.132007886151119 0 0.208535134520802 0 0 0 0 0 0 0 0 0 0 0 0 0 0 0 0 0 0 0 0 0 0 0 0 0 0 0.0619119908667431 0.259660810276752 0 0.99 0 0 0 0 0 0 0 0 0 0 0 0 0 0 0 0.467076370489648 0 0.0301556968785537 0 0 0 0 0 0 0 0 0 0 0 0 0 0
pPREY1WHH2  81
0 0 0 0 0 0 0 0 0 0 0 0 0 0 0 0 0.146372425347664 0 0.238837314477145 0 0 0 0 0 0 0 0 0 0 0 0 0 0 0 0 0 0 0 0 0 0 0 0 0 0 0.071255917210125 0.259590289223386 0 0.99 0 0 0 0 0 0 0 0 0 0 0 0 0 0 0 0.436099016766311 0 0.0292271532074057 0 0 0 0 0 0 0 0 0 0 0 0 0 0
pPREY2WHH1  81
0 0 0 0 0 0 0 0 0 0 0 0 0 0 0 0 0.132007886151119 0 0.208535134520802 0 0 0 0 0 0 0 0 0 0 0 0 0 0 0 0 0 0 0 0 0 0 0 0 0 0 0.0619119908667431 0.259660810276752 0 0.99 0 0 0 0 0 0 0 0 0 0 0 0 0 0 0 0.467076370489648 0 0.0301556968785537 0 0 0 0 0 0 0 0 0 0 0 0 0 0
pPREY2WHH2  81
0 0 0 0 0 0 0 0 0 0 0 0 0 0 0 0 0.146372425347664 0 0.238837314477145 0 0 0 0 0 0 0 0 0 0 0 0 0 0 0 0 0 0 0 0 0 0 0 0 0 0 0.071255917210125 0.259590289223386 0 0.99 0 0 0 0 0 0 0 0 0 0 0 0 0 0 0 0.436099016766311 0 0.0292271532074057 0 0 0 0 0 0 0 0 0 0 0 0 0 0
pPREY1WHB1  81
0 0 0 0 0 0 0 0 0 0 0 0 0 0 0 0 0.16700996295469 0 0.264016807057376 0 0 0 0 0 0 0 0 0 0 0 0 0 0 0 0 0 0 0 0.00825389100802955 0 0 0 0 0 0 0.0789381077010349 0.307524194158531 0 0.99 0 0 0 0 0 0 0 0 0 0 0 0 0 0 0 0.587165009324475 4.12975218843828e-05 0.152807886974063 0 0 0 0.99 0 0 0 0 0 0 0 0 0 0
pPREY1WHB2  81
0 0 0 0 0 0 0 0 0 0 0 0 0 0 0 0 0.169844167310537 0 0.260783026207738 0 0 0 0 0 0 0 0 0 0 0 0 0 0 0 0 0 0 0 0.00807283961729897 0 0 0 0 0 0 0.0787468374583968 0.306782818592705 0 0.99 0 0 0 0 0 0 0 0 0 0 0 0 0 0 0 0.588922866652573 4.12645055465768e-05 0.152678960944666 0 0 0 0.99 0 0 0 0 0 0 0 0 0 0
pPREY2WHB1  81
0 0 0 0 0 0 0 0 0 0 0 0 0 0 0 0 0.16700996295469 0 0.264016807057376 0 0 0 0 0 0 0 0 0 0 0 0 0 0 0 0 0 0 0 0.00825389100802955 0 0 0 0 0 0 0.0789381077010349 0.307524194158531 0 0.99 0 0 0 0 0 0 0 0 0 0 0 0 0 0 0 0.587165009324475 4.12975218843828e-05 0.152807886974063 0 0 0 0.99 0 0 0 0 0 0 0 0 0 0
pPREY2WHB2  81
0 0 0 0 0 0 0 0 0 0 0 0 0 0 0 0 0.169844167310537 0 0.260783026207738 0 0 0 0 0 0 0 0 0 0 0 0 0 0 0 0 0 0 0 0.00807283961729897 0 0 0 0 0 0 0.0787468374583968 0.306782818592705 0 0.99 0 0 0 0 0 0 0 0 0 0 0 0 0 0 0 0.588922866652573 4.12645055465768e-05 0.152678960944666 0 0 0 0.99 0 0 0 0 0 0 0 0 0 0
pPREY1SSL1  81
0 0 0 0 0 0 0 0 0 0 0 0 0 0 0 0 0.294046348407193 0.0613509217755134 0.106090106492463 0.0889557777766063 0.0016777804333935 0.0316328630862202 0.0743231539020449 0.0856420019071446 0.136984650048054 0 0 0 0 0 0 0.99 0 0 0.0946248010285758 0 0.99 0.0102340164789498 0.0180664034271245 0.907330138724729 0.0429234780264701 0.121242929162889 0.99 0.142505243124158 0.99 0.00810256507764202 0.128120172887279 0.99 0.252961402272308 0 0 0 0 0 0 0 0 0 0 0 0 0 0 0 0 0 0 0 0 0 0 0 0 0 0 0 0 0 0 0 0
pPREY1SSL2  81
0 0 0 0 0 0 0 0 0 0 0 0 0 0 0 0 0.279687142290005 0.0596126266601401 0.123030792568584 0.0893280043100677 0.00158491677991425 0.0312922131956009 0.0750947923709664 0.0797324721327265 0.136312547129089 0 0 0 0 0 0 0.99 0 0 0.0977254067219742 0 0.99 0.00915867256293284 0.0186690005406543 0.931523569342814 0.0442973042685642 0.124960599476697 0.99 0.145903163195168 0.99 0.99 0.35574885429422 0.99 0.99 0 0 0 0 0 0 0 0 0 0 0 0 0 0 0 0 0 0 0 0 0 0 0 0 0 0 0 0 0 0 0 0
pPREY2SSL1  81
0 0 0 0 0 0 0 0 0 0 0 0 0 0 0 0 0.294046348407193 0.0613509217755134 0.106090106492463 0.0889557777766063 0.0016777804333935 0.0316328630862202 0.0743231539020449 0.0856420019071446 0.136984650048054 0 0 0 0 0 0 0.99 0 0 0.0946248010285758 0 0.99 0.0102340164789498 0.0180664034271245 0.907330138724729 0.0429234780264701 0.121242929162889 0.99 0.142505243124158 0.99 0.00810256507764202 0.128120172887279 0.99 0.252961402272308 0 0 0 0 0 0 0 0 0 0 0 0 0 0 0 0 0 0 0 0 0 0 0 0 0 0 0 0 0 0 0 0
pPREY2SSL2  81
0 0 0 0 0 0 0 0 0 0 0 0 0 0 0 0 0.279687142290005 0.0596126266601401 0.123030792568584 0.0893280043100677 0.00158491677991425 0.0312922131956009 0.0750947923709664 0.0797324721327265 0.136312547129089 0 0 0 0 0 0 0.99 0 0 0.0977254067219742 0 0.99 0.00915867256293284 0.0186690005406543 0.931523569342814 0.0442973042685642 0.124960599476697 0.99 0.145903163195168 0.99 0.99 0.35574885429422 0.99 0.99 0 0 0 0 0 0 0 0 0 0 0 0 0 0 0 0 0 0 0 0 0 0 0 0 0 0 0 0 0 0 0 0
pPREY1PIN1  81
0 0 0 0 0 0 0 0 0 0 0 0 0 0 0 0.0153212709647973 0.110262770229001 0.0110512439366078 0.0402366369306914 0.000905312373004792 0.0107555861653347 0.109761470305745 0.508922946078821 0.275955044755808 0.0307864092698453 0.129056874900164 0.010625696850909 0.244223575155702 0.168222095889646 0.114246953014722 0.0315499664118884 0.99 0.891502158852386 0 0.0653730643792734 0.99 0.99 0.207792479306513 0.0620523017886259 0.572582054835242 0.0245762403341264 0.100445572010953 0.99 0.116078785849986 0.99 0.0304236556079983 0.0555460962963754 0.99 0.99 0 0 0 0.152051818820295 0.113868223399555 0 0 0 0 0 0 0 0 0 0 0 0 0 0 0 0 0 0 0 0 0 0 0 0 0 0 0
pPREY1PIN2  81
0 0 0 0 0 0 0 0 0 0 0 0 0 0 0 0.00827046109120227 0.0695739565090904 0.00666545536304227 0.0313980126330089 0.000618254281509035 0.00312744506100897 0.0745987046941011 0.320784117812183 0.170444019052527 0.0206341912794248 0.0593595873891337 0.0046484501960796 0.100584857840547 0.112581597040887 0.0870135723770194 0.0211889030987683 0.99 0.540947298564053 0 0.0483287869800783 0.99 0.99 0.11241399125532 0.0446888975233057 0.351120255053864 0.0176818570618675 0.0625672324863734 0.99 0.0806534286054014 0.99 0.70414997019885 0.0604404700069977 0.99 0.99 0 0 0 0.0944357237884625 0.075261127992482 0 0 0 0 0 0 0 0 0 0 0 0 0 0 0 0 0 0 0 0 0 0 0 0 0 0 0
pPREY2PIN1  81
0 0 0 0 0 0 0 0 0 0 0 0 0 0 0 0.0153212709647973 0.110262770229001 0.0110512439366078 0.0402366369306914 0.000905312373004792 0.0107555861653347 0.109761470305745 0.508922946078821 0.275955044755808 0.0307864092698453 0.129056874900164 0.010625696850909 0.244223575155702 0.168222095889646 0.114246953014722 0.0315499664118884 0.99 0.891502158852386 0 0.0653730643792734 0.99 0.99 0.207792479306513 0.0620523017886259 0.572582054835242 0.0245762403341264 0.100445572010953 0.99 0.116078785849986 0.99 0.0304236556079983 0.0555460962963754 0.99 0.99 0 0 0 0.152051818820295 0.113868223399555 0 0 0 0 0 0 0 0 0 0 0 0 0 0 0 0 0 0 0 0 0 0 0 0 0 0 0
pPREY2PIN2  81
0 0 0 0 0 0 0 0 0 0 0 0 0 0 0 0.00827046109120227 0.0695739565090904 0.00666545536304227 0.0313980126330089 0.000618254281509035 0.00312744506100897 0.0745987046941011 0.320784117812183 0.170444019052527 0.0206341912794248 0.0593595873891337 0.0046484501960796 0.100584857840547 0.112581597040887 0.0870135723770194 0.0211889030987683 0.99 0.540947298564053 0 0.0483287869800783 0.99 0.99 0.11241399125532 0.0446888975233057 0.351120255053864 0.0176818570618675 0.0625672324863734 0.99 0.0806534286054014 0.99 0.70414997019885 0.0604404700069977 0.99 0.99 0 0 0 0.0944357237884625 0.075261127992482 0 0 0 0 0 0 0 0 0 0 0 0 0 0 0 0 0 0 0 0 0 0 0 0 0 0 0
pPREY1BDF1  81
0 0 0 0 0 0 0 0 0 0 0 0 0 0 0 0 0.705778600966431 0.126740039157471 0.326230308902374 0 0 0 0 0.0343937086145431 0 0 0 0 0 0 0 0.906193854911933 0 0 0.183718997354894 0 0.99 0.0146517388008301 0.257248149330756 0.99 0.0922992591212076 0.99 0.99 0.99 0 0.101851277118735 0.225312686470466 0.99 0.99 0 0 0.000841149685155413 0.0441524983951534 0.0490515266012316 0 0 0 0 0 0 0.033127645548667 0 0.0440182325683292 0 0.0107820731807295 0.00190770089935696 0.000659127877698494 0 0.393443822088509 0 0 0 0 0 0 0 0 0 0 0 0
pPREY1BDF2  81
0 0 0 0 0 0 0 0 0 0 0 0 0 0 0 0 0.632531280159083 0.111553636956157 0.338928255105818 0 0 0 0 0.0282786969223119 0 0 0 0 0 0 0 0.996064379266044 0 0 0.190702363946857 0 0.99 0.0137665488606143 0.297344291950962 0.99 0.0738446407883059 0.99 0.99 0.99 0 0.0983760054680797 0.219390177212482 0.99 0.99 0 0 0.000779416566829944 0.0451711192667066 0.0527905826442214 0 0 0 0 0 0 0.0356850843728079 0 0.0436663835891107 0 0.0110305057368391 0.00198598123338285 0.00068659586292324 0 0.452347620314885 0 0 0 0 0 0 0 0 0 0 0 0
pPREY2BDF1  81
0 0 0 0 0 0 0 0 0 0 0 0 0 0 0 0 0.705778600966431 0.126740039157471 0.326230308902374 0 0 0 0 0.0343937086145431 0 0 0 0 0 0 0 0.906193854911933 0 0 0.183718997354894 0 0.99 0.0146517388008301 0.257248149330756 0.99 0.0922992591212076 0.99 0.99 0.99 0 0.101851277118735 0.225312686470466 0.99 0.99 0 0 0.000841149685155413 0.0441524983951534 0.0490515266012316 0 0 0 0 0 0 0.033127645548667 0 0.0440182325683292 0 0.0107820731807295 0.00190770089935696 0.000659127877698494 0 0.393443822088509 0 0 0 0 0 0 0 0 0 0 0 0
pPREY2BDF2  81
0 0 0 0 0 0 0 0 0 0 0 0 0 0 0 0 0.632531280159083 0.111553636956157 0.338928255105818 0 0 0 0 0.0282786969223119 0 0 0 0 0 0 0 0.996064379266044 0 0 0.190702363946857 0 0.99 0.0137665488606143 0.297344291950962 0.99 0.0738446407883059 0.99 0.99 0.99 0 0.0983760054680797 0.219390177212482 0.99 0.99 0 0 0.000779416566829944 0.0451711192667066 0.0527905826442214 0 0 0 0 0 0 0.0356850843728079 0 0.0436663835891107 0 0.0110305057368391 0.00198598123338285 0.00068659586292324 0 0.452347620314885 0 0 0 0 0 0 0 0 0 0 0 0
pPREY1BDI1  81
0 0 0 0 0 0 0 0 0 0 0 0 0 0 0 0 0.322114299891544 0 0 0 0 0 0 0.927606666139334 0 0 0 0 0 0 0 0.99 0 0 0 0 0.99 0 0 0 0 0 0 0 0.99 0 0.0161013876953835 0 0 0.184613296904309 0 0.00445859549517063 0.455187683137855 0.459563087834988 0.0049023222662757 0.0301272830152885 0 0 0 0 0 0 0.134399478426841 0 0.99 0.0302023790329397 0.266881614006579 0 0.99 0 0 0 0 0 0 0 0 0 0 0 0
pPREY1BDI2  81
0 0 0 0 0 0 0 0 0 0 0 0 0 0 0 0 0.263166463011091 0 0 0 0 0 0 0.602597893796592 0 0 0 0 0 0 0 0.99 0 0 0 0 0.99 0 0 0 0 0 0 0 0.99 0 0.0155569074108609 0 0 0.178341957674665 0 0.00437857220177674 0.457187941086971 0.463594372708048 0.00483667094627406 0.0294741112272468 0 0 0 0 0 0 0.132403890509249 0 0.99 0.0302229987985795 0.267070003248628 0 0.99 0 0 0 0 0 0 0 0 0 0 0 0
pPREY2BDI1  81
0 0 0 0 0 0 0 0 0 0 0 0 0 0 0 0 0.322114299891544 0 0 0 0 0 0 0.927606666139334 0 0 0 0 0 0 0 0.99 0 0 0 0 0.99 0 0 0 0 0 0 0 0.99 0 0.0161013876953835 0 0 0.184613296904309 0 0.00445859549517063 0.455187683137855 0.459563087834988 0.0049023222662757 0.0301272830152885 0 0 0 0 0 0 0.134399478426841 0 0.99 0.0302023790329397 0.266881614006579 0 0.99 0 0 0 0 0 0 0 0 0 0 0 0
pPREY2BDI2  81
0 0 0 0 0 0 0 0 0 0 0 0 0 0 0 0 0.263166463011091 0 0 0 0 0 0 0.602597893796592 0 0 0 0 0 0 0 0.99 0 0 0 0 0.99 0 0 0 0 0 0 0 0.99 0 0.0155569074108609 0 0 0.178341957674665 0 0.00437857220177674 0.457187941086971 0.463594372708048 0.00483667094627406 0.0294741112272468 0 0 0 0 0 0 0.132403890509249 0 0.99 0.0302229987985795 0.267070003248628 0 0.99 0 0 0 0 0 0 0 0 0 0 0 0
pPREY1BSF1  81
0 0 0 0 0 0 0 0 0 0 0 0 0 0 0 0 0.99 0 0.100687055905242 0 0.99 0 0 0 0 0 0 0 0.99 0 0 0 0 0 0 0 0 0 0.16294687123064 0.99 0.111431946622916 0.99 0.99 0.99 0 0.104125865605115 0.765126531496114 0.99 0 0 0 0.000621410943513505 0 0 0 0.00745982911961905 0 0 0 0.000452719665180719 0 0 0 0 0.0427864945493025 0.00763331535201781 0 0 0 0 0 0 0 0 0 0.99 0 0 0 0 0
pPREY1BSF2  81
0 0 0 0 0 0 0 0 0 0 0 0 0 0 0 0 0.99 0 0.101648029174248 0 0.99 0 0 0 0 0 0 0 0.99 0 0 0 0 0 0 0 0 0 0.160729530999756 0.99 0.0849240571467409 0.99 0.99 0.99 0 0.104728050982054 0.767211030781704 0.99 0 0 0 0.000613928968492681 0 0 0 0.00736334783042763 0 0 0 0.000445775662503123 0 0 0 0 0.0425206252241307 0.00759040070633778 0 0 0 0 0 0 0 0 0 0.99 0 0 0 0 0
pPREY2BSF1  81
0 0 0 0 0 0 0 0 0 0 0 0 0 0 0 0 0.99 0 0.100687055905242 0 0.99 0 0 0 0 0 0 0 0.99 0 0 0 0 0 0 0 0 0 0.16294687123064 0.99 0.111431946622916 0.99 0.99 0.99 0 0.104125865605115 0.765126531496114 0.99 0 0 0 0.000621410943513505 0 0 0 0.00745982911961905 0 0 0 0.000452719665180719 0 0 0 0 0.0427864945493025 0.00763331535201781 0 0 0 0 0 0 0 0 0 0.99 0 0 0 0 0
pPREY2BSF2  81
0 0 0 0 0 0 0 0 0 0 0 0 0 0 0 0 0.99 0 0.101648029174248 0 0.99 0 0 0 0 0 0 0 0.99 0 0 0 0 0 0 0 0 0 0.160729530999756 0.99 0.0849240571467409 0.99 0.99 0.99 0 0.104728050982054 0.767211030781704 0.99 0 0 0 0.000613928968492681 0 0 0 0.00736334783042763 0 0 0 0.000445775662503123 0 0 0 0 0.0425206252241307 0.00759040070633778 0 0 0 0 0 0 0 0 0 0.99 0 0 0 0 0
pPREY1BSI1  81
0 0 0 0 0 0 0 0 0 0 0 0 0 0 0 0 0.99 0 0 0 0 0 0 0 0 0 0 0 0 0 0 0 0 0 0.112944229390121 0 0 0 0.0704325069997727 0 0 0 0 0 0 0.05718622044339 0.162973797888271 0.99 0 0 0 0.00899941296743755 0.381747283123934 0.277899593301396 0 0.118892581653333 0 0 0 0 0.99 0 0.99 0 0.832508313648059 0.00882650923395393 0.195430775473358 0 0.63698822032574 0 0.99 0 0 0 0 0 0 0 0 0 0
pPREY1BSI2  81
0 0 0 0 0 0 0 0 0 0 0 0 0 0 0 0 0.99 0 0 0 0 0 0 0 0 0 0 0 0 0 0 0 0 0 0.0702354589078299 0 0 0 0.0703815899851764 0 0 0 0 0 0 0.0573126780635806 0.163358949877574 0.99 0 0 0 0.00905340136941316 0.38182425229671 0.277289979604528 0 0.11959816837873 0 0 0 0 0.99 0 0.99 0 0.832335438164933 0.00882783241545214 0.195456708487126 0 0.636501471240622 0 0.99 0 0 0 0 0 0 0 0 0 0
pPREY2BSI1  81
0 0 0 0 0 0 0 0 0 0 0 0 0 0 0 0 0.99 0 0 0 0 0 0 0 0 0 0 0 0 0 0 0 0 0 0.112944229390121 0 0 0 0.0704325069997727 0 0 0 0 0 0 0.05718622044339 0.162973797888271 0.99 0 0 0 0.00899941296743755 0.381747283123934 0.277899593301396 0 0.118892581653333 0 0 0 0 0.99 0 0.99 0 0.832508313648059 0.00882650923395393 0.195430775473358 0 0.63698822032574 0 0.99 0 0 0 0 0 0 0 0 0 0
pPREY2BSI2  81
0 0 0 0 0 0 0 0 0 0 0 0 0 0 0 0 0.99 0 0 0 0 0 0 0 0 0 0 0 0 0 0 0 0 0 0.0702354589078299 0 0 0 0.0703815899851764 0 0 0 0 0 0 0.0573126780635806 0.163358949877574 0.99 0 0 0 0.00905340136941316 0.38182425229671 0.277289979604528 0 0.11959816837873 0 0 0 0 0.99 0 0.99 0 0.832335438164933 0.00882783241545214 0.195456708487126 0 0.636501471240622 0 0.99 0 0 0 0 0 0 0 0 0 0
